active 1
playing 1
playlist 0
position 0
shuffle 0
resume-state 1
resume-time 2409
playlist 1
position 409
shuffle 1,2,3,4,5,6,7,8,23,37,76,88,95,111,131,220
shuffle 240,289,350,0,132,392,103,13,286,100,110,268,186,261,341,258
shuffle 214,290,36,238,202,227,265,501,405,399,72,426,174,187,397,221
shuffle 334,425,347,21,163,498,446,29,70,9,326,130,375,245,367,59
shuffle 470,361,433,237,264,288,338,389,246,190,191,450,342,303,343,297
shuffle 442,250,44,511,156,67,125,276,427,232,306,513,507,218,302,55
shuffle 409
resume-state 2
resume-time 187456
